% Data for training GPR Model
info=[...
1.00	646.29	63.37	386.63	0.7913
2.00	668.29	65.53	399.79	0.8172
3.00	627.92	61.57	375.64	0.8148
4.00	674.58	66.15	403.56	0.8012
5.00	712.83	69.90	426.44	0.8299
6.00	886.15	55.20	369.07	0.7844
7.00	877.77	54.68	365.58	0.8267
8.00	849.27	52.90	353.71	0.8529
9.00	814.87	50.76	339.38	0.8478
10.00	847.17	52.77	352.84	0.8375
11.00	886.00	55.19	486.68	0.8571
12.00	796.09	49.59	437.29	0.8347
13.00	792.92	49.39	435.55	0.8356
14.00	826.55	51.49	454.02	0.8321
15.00	871.64	54.29	478.79	0.8557
16.00	877.07	89.92	358.51	0.8328
17.00	874.47	89.65	357.45	0.8338
18.00	847.90	86.93	346.59	0.8307
19.00	772.41	79.19	315.73	0.8152
20.00	786.59	80.64	321.53	0.8270
21.00	815.69	83.62	445.39	0.8405
22.00	861.42	88.31	470.36	0.8325
23.00	820.53	84.12	448.03	0.8483
24.00	888.09	91.05	484.92	0.8543
25.00	801.30	82.15	437.53	0.8602
26.00	826.98	29.24	349.35	0.8295
27.00	755.72	26.72	319.25	0.8194
28.00	911.53	32.23	385.07	0.8221
29.00	858.30	30.35	362.58	0.8325
30.00	842.00	29.77	355.70	0.8342
31.00	631.05	42.48	188.24	0.6889
32.00	430.94	29.01	128.55	0.5473
33.00	478.68	32.23	142.79	0.6173
34.00	578.28	38.93	172.50	0.6916
35.00	530.50	35.71	158.25	0.6634
36.00	1000.51	65.75	401.48	0.8340
37.00	1060.02	69.66	425.36	0.8562
38.00	1000.83	65.77	401.61	0.8309
39.00	965.19	63.42	387.31	0.8410
40.00	996.99	65.51	400.07	0.8461
41.00	983.78	64.65	394.77	0.8453
42.00	966.41	63.50	387.80	0.8154
43.00	1013.32	66.59	406.62	0.8368
44.00	1006.50	66.14	403.89	0.8349
45.00	1020.09	67.03	409.34	0.8657
46.00	946.84	62.22	379.95	0.8394
47.00	1070.42	70.34	429.53	0.8390
48.00	984.91	64.72	395.22	0.7818
49.00	953.63	62.66	382.67	0.8458
50.00	985.49	64.76	395.46	0.8178
51.00	997.33	65.54	400.21	0.8255
52.00	1089.85	71.62	437.33	0.8384
53.00	1068.01	70.18	428.57	0.8396
54.00	919.86	60.45	369.12	0.8230
55.00	972.25	63.89	390.14	0.8278
56.00	999.57	67.23	528.86	0.8240
57.00	982.17	66.06	519.66	0.8447
58.00	919.67	61.86	486.59	0.8378
59.00	1023.51	68.84	541.53	0.8597
60.00	971.60	65.35	514.06	0.8439
61.00	1033.84	100.27	421.11	0.8351
62.00	964.90	93.58	393.03	0.8165
63.00	910.73	88.33	370.97	0.8236
64.00	968.47	93.93	394.49	0.8385
65.00	987.57	95.78	402.26	0.8419
66.00	1165.18	54.28	358.01	0.8348
67.00	1140.79	53.14	350.52	0.8069
68.00	1080.29	50.32	331.93	0.8410
69.00	1083.65	50.48	332.96	0.8308
70.00	1147.23	53.44	352.50	0.8357
71.00	1230.75	55.04	493.13	0.8423
72.00	1132.30	50.64	453.69	0.8387
73.00	1192.00	53.31	477.61	0.8457
74.00	1181.37	52.84	473.35	0.8431
75.00	1177.48	52.66	471.79	0.8617
76.00	1097.99	83.45	337.01	0.8334
77.00	1088.92	82.76	334.23	0.8362
78.00	1026.38	78.01	315.03	0.8296
79.00	1209.09	91.89	371.11	0.8454
80.00	1131.26	85.98	347.22	0.8314
81.00	1179.80	89.62	464.83	0.8312
82.00	1131.07	85.92	445.63	0.8332
83.00	1085.65	82.47	427.73	0.8165
84.00	1033.15	78.48	407.05	0.8015
85.00	1034.18	78.56	407.45	0.8154
86.00	1384.87	69.78	424.63	0.8367
87.00	1231.23	62.04	377.52	0.8371
88.00	1241.08	62.53	380.54	0.8349
89.00	1396.48	70.36	428.19	0.8435
90.00	1359.75	68.51	416.93	0.8484];